Vaccin;Sexe;1ere Injection;2e Injection;3e Injection;4e Injection;Total
Pfizer;Femme;21946238;21386823;13763403;532386;57628850
Pfizer;Homme;20334246;19695982;11900552;410109;52340889
Pfizer;Non Renseigne;169633;146340;57547;735;374255
Moderna;Femme;3079202;3427548;5243143;57610;11807503
Moderna;Homme;3015993;3350427;5344626;49942;11760988
Moderna;Non Renseigne;20231;18214;21773;120;60338
Total;Tous;48565543;48025334;36331044;1050902;133972823
